
 s(0)= 2.625000e+00 +j -5.000000e-01
 s(1)= 1.250000e+00 +j -3.500000e+00
 s(2)= 5.000000e-01 +j -1.000000e+00

 r(0)= 4.375000e+00 +j -1.750000e+00
 r(1)=-9.125000e+00 +j  1.237500e+01

