
 s(0)= 6.000000e+00 +j  8.000000e+00
 s(1)=-7.000000e+00 +j  1.400000e+01
 s(2)=-2.600000e+01 +j -3.400000e+01
 s(3)= 8.000000e+01 +j  1.600000e+01
 s(4)=-5.800000e+01 +j  8.000000e+00
 s(5)= 9.000000e+00 +j -1.500000e+01
 s(6)= 1.000000e+01 +j  2.600000e+01
 s(7)=-1.100000e+01 +j -2.700000e+01
 s(8)= 4.000000e+00 +j  7.000000e+00

