
 t=0.0  y= 7.221742e-01

 t=3.5  y= 3.588987e+00

