
 s(0)=-3.750000e-01
 s(1)= 3.750000e+00
 s(2)= 1.500000e+00

 r(0)= 8.375000e+00
 r(1)=-9.125000e+00

