
x(0)= 0.90   p(0)= 5.182148e+01
x(1)=-0.90   p(1)=-1.334760e+00
x(2)= 1.10   p(2)= 3.756984e+02
x(3)=-1.10   p(3)=-3.582450e+01
x(4)= 1.30   p(4)= 2.820648e+03
x(5)=-1.30   p(5)=-4.752882e+02

