
x(0)= 0.90   p(0)=-1.856227e+01
x(1)=-0.90   p(1)=-2.671537e+01
x(2)= 1.10   p(2)=-1.955613e+01
x(3)=-1.10   p(3)=-2.151303e+01
x(4)= 1.30   p(4)=-2.087573e+01
x(5)=-1.30   p(5)=-6.340432e+00

