
 s(0)= 8.000000e+00
 s(1)= 0.000000e+00
 s(2)=-3.200000e+01
 s(3)= 6.300000e+01
 s(4)=-3.800000e+01
 s(5)= 1.000000e+00
 s(6)= 1.900000e+01
 s(7)=-2.000000e+01
 s(8)= 6.000000e+00

