
 n= -3    -3.125000e-02 +j -3.125000e-02
 n=  0     1.000000e+00 +j  0.000000e+00
 n=  3    -1.600000e+01 +j  1.600000e+01

