
t= 0.150,   z=8.60708e-01
t= 0.550,   z=5.76950e-01

