
t= 0.250,   z=7.78801e-01
t= 0.630,   z=5.32592e-01
t= 0.950,   z=3.86741e-01

