
t= 0.230,   z=7.94497e-01
t= 0.630,   z=5.32567e-01
t= 0.950,   z=3.86716e-01

