
t=-0.750,   z=6.63901e-02
t=-0.050,   z=9.41176e-01

