
x=-0.650,   f(x)=8.82055e-02
s0=5.88236e-02, s1=1.29011e-01, s2=6.30092e-01, s3=-1.22868e+00

x= 0.250,   f(x)=4.13068e-01
s0=5.00000e-01, s1=-1.66667e+00, s2=-2.19697e+00, s3=1.51515e+01

