
t=-0.750,   z=-3.08891e-03
t= 0.050,   z=9.59859e-01

