
x= 1.682,   f(x)=2.59624e+00
x= 1.813,   f(x)=2.98281e+00

