
t=-0.850,   z=5.24591e-02
t= 0.250,   z=3.90244e-01

