
x=-0.850,   f(x)=5.34042e-02
s0=4.24403e-02, s1=8.89362e-02, s2=2.59985e-01, s3=-5.29619e-01

x= 0.150,   f(x)=6.16892e-01
s0=1.00000e+00, s1=-4.37798e-01, s2=-2.55004e+01, s3=7.59470e+01

