
x=  0.350,  y=  0.650,    z(x,y)=1.34986e+00
x=  0.450,  y=  0.550,    z(x,y)=1.10517e+00

