
x=  0.900,   y=  0.800,    z(x,y)=9.04786e-01
x=  0.300,   y=  0.900,    z(x,y)=1.82277e+00

