
i=  88

x(0)=3.00000e+00  x(1)=1.73205e+00  f=-1.00000e+00
x(0)=3.00000e+00  x(1)=1.73205e+00  f=-1.00000e+00
x(0)=3.00000e+00  x(1)=1.73205e+00  f=-1.00000e+00
x(0)=3.00000e+00  x(1)=1.73205e+00  f=-1.00000e+00

x( 0)=3.00000e+00
x( 1)=1.73205e+00
J=-1.00000e+00

