
js(0)=  2
x(0)=1.00000e+00
x(1)=-2.00000e+00
MIN:  z=2.00000e+00

