
a= 9.415757e-01   b= 8.857726e-01  

q= 1.786596e+00   s= 4.226814e-01  

umax= 8.561686e-01  umin= 1.331988e-03  u= 2.506153e-01 

