
a= 1.249270e+01   b= 5.619315e-10  

q= 3.271371e+01   s= 1.651103e+00  

umax= 5.064987e+00  umin= 1.119425e-02  u= 8.630600e-01 

