
a=1.00045e+00   b=2.75205e+00

q=5.86795e-03  s=2.30965e-02  p=1.10100e+00

umax=4.77727e-02 umin=2.04545e-03  u=1.74298e-02

