
x(0)=-2.166684e+00 j -2.767200e+00
x(1)= 2.093864e+00 j  1.102211e+00
x(2)=-3.430948e+00 j  3.040846e-01
x(3)= 5.434543e-01 j -2.187455e+00
x(4)=-3.968538e-02 j  1.548360e+00

