M=2
x(0)=-1.402463e+00
x(1)= 4.333755e+00

