
i=5

x(0)= 7.851969e-01
x(1)= 4.966114e-01
x(2)= 3.699228e-01

