
i=1

x(0)= 3.765472e-01
x(1)=-4.379528e-01

