
i=1

x(0)= 3.789467e-01
x(1)=-6.925762e-01

