
x(0)= 1.096032e+00
x(1)=-7.997541e-01
x(2)= 4.956811e-01

