
x(0)= 4.333759e+00   0.000000e+00 j
x(1)=-1.402461e+00   0.000000e+00 j
x(2)= 1.183973e+00  -9.360990e-01 j
x(3)= 1.183973e+00   9.360990e-01 j
x(4)=-1.496217e-01  -1.192507e+00 j
x(5)=-1.496217e-01   1.192507e+00 j

