
x(0)= 1.000188e+00
x(1)= 5.000432e+00
x(2)=-4.000388e+00

