
x(0)= 4.333755e+00 j  0.000000e+00
x(1)=-1.496217e-01 j  1.192507e+00
x(2)=-1.496217e-01 j -1.192507e+00
x(3)=-1.402463e+00 j  0.000000e+00
x(4)= 1.183975e+00 j  9.360988e-01
x(5)= 1.183975e+00 j -9.360988e-01

