
x[0]=-3.977180e-01
x[1]= 5.100536e-01
x[2]= 7.829837e-01
x[3]=-7.029161e-01

