b(0)= 6.782330e-02  +j  7.078231e-02
b(1)=-1.623413e-01  +j -7.612936e-01
b(2)= 5.985239e-01  +j -4.371312e-01
b(3)= 2.464562e-01  +j  1.139959e-01
