x(0)=1.04058e+00
x(1)=9.87051e-01
x(2)=9.35040e-01
x(3)=8.81282e-01
