x(0)= 1.000000e+00
x(1)= 0.000000e+00
x(2)= 2.000000e+00
x(3)=-2.000000e+00
x(4)= 4.000000e+00
x(5)=-1.000000e+00
x(6)= 3.000000e+00
x(7)= 1.000000e+00
