x(0)= 9.807447e-01,   4.979313e-01
x(1)= 2.679822e-01,   1.444940e-01
x(2)=-2.226289e-01,   6.285805e-02
x(3)= 5.892743e-01,  -8.131763e-02
