
x[0]=1.00000e+00
x[1]=1.00000e+00
x[2]=1.00000e+00
x[3]=1.00000e+00

