x(0)= 4.979313e-01
x(1)= 1.444939e-01
x(2)= 6.285805e-02
x(3)=-8.131763e-02
