x(0)= 1.000000e+00,    4.000000e+00
x(1)= 1.000000e+00,    4.000000e+00
x(2)= 1.000000e+00,    4.000000e+00
x(3)= 1.000000e+00,    4.000000e+00
x(4)= 1.000000e+00,    4.000000e+00
