x(0)= 3.000000e+00
x(1)=-1.000000e+00
x(2)= 1.173206e-15
x(3)=-2.000000e+00
x(4)=-2.109424e-15
x(5)= 4.000000e+00
