x(0)= 5.718367e+00
x(1)=-5.944898e+00
x(2)=-3.836735e-01
x(3)= 8.040816e+00
x(4)=-8.081633e+00
