
EXAMPLE(1)

i=1

MAT U IS:
 2.763932e-01  5.070926e-01  7.236068e-01  0.000000e+00 
 4.472136e-01  6.761234e-01 -4.472136e-01  0.000000e+00 
 4.472136e-01 -1.690309e-01 -4.472136e-01  0.000000e+00 
-7.236068e-01  5.070926e-01 -2.763932e-01  0.000000e+00 

MAT V IS:
 8.355492e-01 -4.177746e-01 -3.568221e-01 
 4.472136e-01  8.944272e-01  4.430095e-15 
-3.191514e-01  1.595757e-01 -9.341724e-01 

MAT A IS:
 2.802517e+00  0.000000e+00  0.000000e+00 
 0.000000e+00  2.645751e+00  0.000000e+00 
 0.000000e+00  0.000000e+00  1.070466e+00 
 0.000000e+00  0.000000e+00  0.000000e+00 


MAT UAV IS:
 1.000000e+00  1.000000e+00 -1.000000e+00 
 2.000000e+00  1.000000e+00  1.658829e-16 
 1.000000e+00 -1.000000e+00  1.658829e-16 
-1.000000e+00  2.000000e+00  1.000000e+00 


EXAMPLE(2)

i=1

MAT U IS:
-8.849941e-02 -9.028798e-01 -4.206851e-01 
-9.253548e-01 -8.177683e-02  3.701772e-01 
-3.686278e-01  4.220434e-01 -8.282469e-01 

MAT V IS:
-7.194191e-01 -2.011355e-01  2.758774e-02 -6.642436e-01 
-3.018290e-01 -6.588911e-01  4.229043e-01  5.439795e-01 
-4.739923e-01  7.248497e-01  3.920768e-01  3.101613e-01 
-4.082483e-01 -4.129676e-17 -8.164966e-01  4.082483e-01 

MAT B IS:
 3.207917e+00  0.000000e+00  0.000000e+00  0.000000e+00 
 0.000000e+00  2.134951e+00  0.000000e+00  0.000000e+00 
 0.000000e+00  0.000000e+00  1.072966e+00 -0.000000e+00 


MAT UBV IS:
 1.000000e+00  1.000000e+00 -1.000000e+00 -1.000000e+00 
 2.000000e+00  9.999996e-01  2.266166e-07  2.000000e+00 
 9.999999e-01 -1.000000e+00  9.027583e-08  1.000000e+00 

