det(A)= 0.000000e+00

det(B)= 5.950000e+02

